out40=[34
38
31
33
34
29
32
16
17
30
27
32
28
0
29
31
12
35
39
15
20
28
18
40
0
25
30
22
26
0
0
15
14
28
32
31
34
26
24
0
26
39
38
26
29
14
0
18
39
39
27
39
29
26
0
23
40
23
38
26
40
0
32
17
];
out100=out40*10/4
